-04-Ι

1011000000,

000000 10110000 11111.000.111001000801,,80100001, 1865. 061,
,1100100110000110000,8000110.000,1851015,
,Ιο0000011100.;801.,Ρο100001,1866.0,,78
,80501000υο0 11001, 8000110. 1858. 0.17,- 11000 Taurus.

8100000 nov. 000. 0. 11001. 8000110. 000. 1854. 010.

, 0001101100 0, Koch 018015, 8000110. 000, 1854, 010.

1110100 1011101100 80001; 101, 1000000, 1858. 016. ’

(10101100 000, 000. 11010000, 8000, 1855. 016.

01011Ὲΐεὲηέ1ἓ11111οξκ8ἓ1,1111011261868, {mggm

‚‚ infestus 8100000101, 8000000. 1857. 041.

8000010010Ιο01000110110080001; 101, 8000000. 1876. p. 46.

1010 8100100111 Ηο01, 800010 G. Koch, 8000110. 1858. 0. 17, - -

, Florentius L. 000. 0011001010 801,, 80100001 1865. 0. 65.
,(111100010111000100001.000.000001000000 801,, Ρο100001,1861. 018.

,000 01011οο 801. 1 0.
10,,0100801.1.0.
’,10110880015100100801,80100001 1861018,
,00101080 801, 80100001, 1860. 0..31
,,815101001.000,011110801., Ρο100001 1866 0.7.9
,,000. 0000011101ἰο 801, 10100001. 1865, 065 01 1866, 0. 79.
,,,,1000001001011011001ος 801,, 80100001 1866. 0..79
,,Ἴ,0011110801.10.
,01000001010801 l. 0.
,80011000 80000, 1100001. 1860.— 8001000.
,100000000001,80., 011001018015, 8000110.1858.0.17.-81110,
,01011000 81010.; (10010, 800010. 1861. 0,.6
,000 Castrensis (10010, 800010, 1860- Hispan.
8000100111100011000 801), 000. grandinosam 101, 8000000. 1857. 0. 44.
,0.00 intermedium 101, 8000000. 1857. 045
,Ρο01010001101.,Ρο00000. 1857. 0..45
8100010011οω 01011000 10100, 80001000. 1850. 0,13.- Nos. 8011001,

11000111100000,

1000011, 0000000100 0000100000 in 80010 80100001 0011, 10001000 80001,
10100οο1. 1858. 015.
,,10000100001.; (10000, 1001101 187104. 01000.
,0000011000101,Ροοο000. 1871088.
„candelabrum 101 8000000. 1877. 0.8.8
,(100000010001000100(10000,,10011011874 010010001.
,101000000110 Luco. 000. 0111010 801,, 80100001. 1858. 0.1.7
,00001010 801,80100001 1851011- 11000100.
,000100108 8010οο0 801, Ρο100001 1858, 0.,-16 100100,
,, ,,000 5000110110 801. 1 0,
,,,100011011080110
,,,”,0050110010108011.0,

 

 

