...15-

Oxalis 0101001110 8011, 80110001. 1856. 0. 38. - -

,, 0110010 Κ10100011; 1101110, Ηο105013. 1850. 0. 9.

„ 11006000101081.-Ηὶ1.; 831, 80110001. 1857. 055.

,, 0000110008010.; 831, 80110001. 1858. 0. 50. - chili.
0111111111’.11018131111511111.

,, 1010001000οι 1000. 101. 0000100010 831,, 80110001 1866. 0105.

1101010000.

1000001110 00111010 80111. 101. villosa 1131, 80110001-1857. 0. 55.
8301110000 0000100100 111110. 101. 0100001101 831, Ρο110001. 1856. 0. 37.
,, ,, , 005001601010831. 10.

,, 01001010 80111 01110011. 101. 610111011οω 831, 80110001. 1856. 0. 37.
,, ,, ,, 000011101010 831. 1. 0.

,, , , roseum 8311. 0. ι
01111111111,111101011001·1875· -
ζ’, 11111111111113’111111111111111· “ ‘¹²¹'⁰¹¹·’ ⁰¹¹³¹¹²·
001100 80011110οε1000 80011. 101. 0011010831, 80110001. 1858050. ο
11111111· 1110·0011100111·
0011000 81060110001131, Ρο110001. 1866. 0104. - 810011.
800001000011100 001. 300. 80301, Ρο1100011865. p. 51.
010111111010111111101 0311111101111011111111000. p. 01.

, 10010010 S. 01 Ζ.; 831, Ρο110001. 1868. 0. 91.

80010000 001. 300. 80301, Ρο110001. 1856. 0. 88.
0101111311Γῦ111131110110110.1;1101111,111ξὲ03. 1010. 010.

8101010110ωο0.
Ρ10100010 81060111 831. 0180011, 80110001. 1858. 0. 50. -— 81001110.

0011000000.

8011000101οἰ0 001. 300. 80301, 80110001 1864. 019.
, 10000010010 831. l. 0. - 1101001100. · ι

1101100000.

801100 001. 300. 100010, 1100001. 1854.
,, splendens 100, 1100001. 1854.

0100000οο.

1111010010 31001110110810011. 101. genuina 831, 10110001. 1861. 0. 52. ,
,, ,, latifolia Rgl. l. 0. - Β1001110

 

